Latitude	Longitude	Group
40.50493	-89.60905	07008
38.42928	-89.27032	07695
45.22003	-71.22433	03781
40.79268	-88.12947	04607
43.62457	-94.87922	00716
47.47923	-105.05116	00067
34.75486	-95.63062	04775
41.27311	-89.78527	04327
37.71188	-102.81028	01763
40.19737	-89.10491	04707
43.54519	-87.90389	05133
43.22918	-96.07507	00877
41.88256	-92.87723	03777
44.59240	-96.07143	01824
40.34872	-88.07026	04665
41.51049	-103.76555	00068
35.80171	-100.37040	00118
47.05775	-105.69150	00018
43.96458	-88.07454	04975
47.20328	-103.01971	00377
40.13123	-78.14240	06702
41.01706	-84.79115	05777
48.85987	-103.03808	01313
36.43988	-101.58607	01075
42.27647	-74.48486	00138
42.89902	-90.13210	05180
42.32660	-101.41859	00029
43.13525	-94.85231	00996
38.60829	-97.30113	00761
45.49892	-95.22103	03829
39.76143	-77.98100	06888
37.11230	-81.43060	05369
35.44598	-99.54258	01710
42.72703	-84.85087	06751
35.48233	-98.70640	01030
47.21930	-96.34740	04495
45.01382	-103.45570	00057
40.27388	-84.68134	06389
36.10693	-95.41843	04725
42.30216	-101.04925	00111
39.69572	-79.32194	06359
43.52381	-72.61603	05262
43.58051	-93.32411	03164
40.67261	-78.41420	06950
35.95618	-101.45580	00502
43.31595	-97.43039	00382
38.40668	-101.40202	01258
47.52972	-102.88679	00015
44.21114	-98.25197	02766
44.18885	-95.57624	00256
43.76691	-92.67108	00892
46.93760	-102.42155	00349
48.63848	-102.26904	00582
42.20626	-73.00980	06857
40.98513	-86.91718	04786
42.77084	-78.35538	04915
42.78694	-78.01859	04987
43.46973	-82.93478	06205
44.67839	-91.25626	05679
44.09882	-98.61880	00228
44.94028	-73.94155	04594
47.94650	-95.85913	05113
43.48020	-72.23099	03985
47.10897	-101.23542	01520
42.36728	-89.15717	05245
42.76961	-96.01250	00391
35.02292	-95.18169	04702
43.56747	-83.35262	05364
36.57744	-99.95543	01547
47.15372	-100.73030	00603
36.77411	-83.41013	06642
46.25923	-97.71352	03165
37.73289	-96.55138	00476
39.90610	-95.48698	03221
40.51681	-88.34664	04247
42.46425	-73.34647	05472
34.86283	-76.51309	05131
43.57753	-83.60265	05704
42.15982	-77.57147	05471
35.83238	-93.64338	04905
44.06072	-92.29837	03250
41.44835	-94.57122	01094
43.24326	-99.95585	00259
38.68842	-87.32999	07295
42.92011	-102.29906	00049
44.45900	-71.06245	01412
40.96153	-88.38477	04209
36.18267	-95.41311	04772
42.93184	-88.55606	06839
34.91806	-98.55987	00214
35.85438	-98.94042	02029
42.85182	-95.36516	00777
41.12147	-88.72387	04672
46.21766	-96.80380	02904
48.15846	-96.10236	05110
43.41634	-100.16044	00095
39.01402	-78.88893	03984
41.98758	-72.19754	07669
44.60934	-70.82331	04484
42.88205	-78.09207	04746
39.09566	-79.29724	00671
45.71851	-94.06451	05793
35.53424	-76.21279	07106
43.59709	-88.83431	05324
45.87232	-103.03792	00191
40.97580	-97.89974	00475
41.67823	-90.63941	03980
45.14724	-104.07390	00190
41.59155	-75.44044	06074
43.74521	-71.28268	05973
35.00512	-104.66500	04123
44.24745	-87.79639	05214
41.23430	-88.58152	04669
42.72654	-100.16034	00085
40.24382	-83.65491	05146
40.92004	-75.92846	07142
36.82251	-101.77820	02353
44.93853	-99.18005	00292
42.72935	-77.46389	05553
42.46189	-101.17545	00217
35.59120	-101.44662	00438
43.71927	-93.75874	02817
44.70724	-71.79366	04067
44.80647	-72.69205	04292
42.52517	-79.17718	05147
41.10710	-89.66737	04022
38.74440	-80.10239	05709
42.28619	-73.09757	06475
47.14483	-96.25063	04256
37.55192	-99.80723	00100
40.42883	-98.85883	00788
39.10471	-78.73827	04857
38.86893	-87.29908	06915
42.05535	-94.96816	00491
42.82721	-99.59434	00128
35.79335	-100.65626	00092
40.68121	-104.14967	07528
41.75901	-76.85699	05874
46.30410	-98.72403	02544
46.67001	-97.10345	03091
41.98799	-84.56475	06720
43.91995	-75.67293	04914
43.17026	-93.49808	02568
36.58636	-103.40936	00388
40.57816	-86.37656	05362
46.94237	-106.95718	00066
41.70831	-77.14491	07077
40.41755	-78.92893	06239
40.60349	-76.55377	06523
35.86316	-92.37904	05295
46.75409	-102.97600	00327
44.10526	-95.79278	00251
44.68234	-70.85681	04029
38.61309	-79.46772	03288
41.00718	-88.03874	04671
36.15730	-81.62255	06664
40.96866	-88.15961	04328
48.86509	-97.12556	04339
36.63443	-76.16106	07377
35.89034	-93.99092	04514
45.87565	-103.30938	00172
38.23293	-97.29602	00796
42.95466	-90.35386	05452
42.14610	-89.69193	04242
44.74375	-67.07617	05021
44.30727	-95.34200	01875
45.79742	-92.90163	07033
45.51516	-96.13538	03228
42.84868	-95.25738	01524
40.32722	-85.99126	05393
42.42229	-93.42905	03121
40.83091	-83.48666	06508
44.26999	-76.12122	05402
43.60594	-82.95451	06603
40.55001	-86.29727	04787
40.62886	-88.34936	04094
42.63946	-77.49325	04480
45.00110	-92.32003	04811
37.72636	-102.61511	01935
42.01007	-95.60561	01044
36.76227	-95.38168	04762
47.32621	-99.69505	01082
43.42282	-93.11150	02512
47.80233	-96.35938	04679
43.61965	-82.71658	04908
41.25128	-83.83701	06428
39.71254	-94.58685	04148
43.73690	-95.34685	01155
43.19862	-95.93855	01007
39.60944	-79.28386	06211
40.38983	-82.70068	06390
40.71550	-87.47188	04024
35.52551	-99.74237	01080
43.38605	-82.74498	06206
46.68621	-102.61891	00198
43.38910	-93.44384	02720
45.56264	-69.90344	04642
45.21782	-69.89166	04103
43.21911	-97.28939	00204
40.37442	-78.57773	04183
46.38932	-101.37620	00346
40.69009	-83.83606	05871
42.29543	-73.43638	05514
44.71258	-70.32639	05105
40.22971	-88.27986	04605
40.08835	-78.86941	04824
42.39840	-99.46355	00248
41.41853	-82.86280	05211
42.64262	-74.42638	04561
39.98369	-86.45039	04785
44.11613	-95.29645	00523
36.35192	-81.65305	01351
42.06684	-98.16794	00205
44.49229	-95.85567	01924
44.59645	-100.30434	02366
36.15173	-101.25864	00473
43.94526	-100.57246	00483
42.85241	-93.39966	02147
42.00535	-88.48170	04549
39.18717	-78.38284	02251
35.94416	-93.59933	04774
39.62195	-90.88409	06803
41.77871	-86.34468	06553
41.60155	-71.54391	07808
42.67270	-74.71029	05368
36.56446	-81.66145	05878
47.30492	-105.30637	00021
41.64029	-76.73937	06982
43.28698	-96.45295	01249
36.56783	-99.30946	02827
43.39041	-95.83498	01063
45.88844	-103.65441	00013
42.85314	-96.41859	00367
35.00904	-102.32746	00623
40.81634	-88.91269	04557
39.40451	-79.54895	06163
45.52279	-99.80492	00158
43.28905	-99.69528	00080
42.42301	-73.04298	05264
35.97482	-102.13036	00539
34.97499	-103.67831	00008
46.25254	-103.62236	00221
42.40068	-79.39945	05353
41.28867	-75.38799	07177
36.55292	-103.61283	00276
38.69465	-99.89183	00477
43.60750	-95.70102	00457
44.81816	-86.02212	05992
37.84476	-100.06653	00324
44.50939	-87.76153	04907
37.54032	-99.33490	00342
43.81208	-94.67785	02633
36.28753	-81.71194	03986
35.05834	-104.00826	00028
40.64276	-78.68935	06608
36.00810	-101.71888	00578
41.17811	-82.90504	05820
36.75872	-80.34707	04482
41.89627	-94.98504	00453
43.49733	-99.73973	00422
33.04148	-101.81432	03060
36.25692	-101.64011	00573
36.42315	-100.44042	00193
35.07114	-103.84486	01157
42.99836	-75.30858	05336
40.92271	-88.52483	04364
42.52668	-72.82571	06886
40.43621	-94.90278	03504
40.89722	-88.96650	04558
44.89277	-73.84014	05702
34.58112	-104.10819	05528
43.34346	-95.30022	01349
44.41819	-98.82098	00274
35.24372	-102.75732	00499
46.10664	-69.78076	03422
46.56153	-99.02540	00720
41.75879	-83.85820	06041
43.97327	-99.60719	00162
45.12274	-70.62214	03287
43.16103	-96.18808	01027
46.79078	-68.96148	04712
46.40733	-103.25142	00091
40.91494	-94.19115	02713
42.35722	-74.35352	05406
41.61554	-89.36401	04662
40.85575	-76.34081	06566
41.88943	-94.87172	00517
41.73916	-89.05413	04397
43.83814	-72.00790	05660
44.72137	-102.69296	00307
38.19891	-84.38493	07675
43.42437	-100.42703	00126
42.41983	-79.13506	05434
40.65753	-90.72601	05144
41.87082	-98.42678	00152
40.56200	-87.03291	04284
41.41668	-71.56798	07805
42.69956	-86.05051	05861
40.35429	-98.93871	00693
44.66465	-97.44508	00267
40.09527	-86.49099	04913
45.49477	-95.85881	03623
43.59579	-95.49203	00629
44.80511	-96.78871	00124
41.07393	-84.80213	05643
36.64180	-99.49564	02134
41.57384	-96.23740	02627
40.45422	-94.73991	03216
43.07298	-93.25125	02846
42.47889	-97.35045	00102
42.22173	-91.33125	04061
39.90717	-89.09142	07854
40.57276	-89.06167	04435
43.45090	-82.65764	04965
42.42812	-95.66163	00715
47.10629	-97.49831	02531
43.30293	-83.37076	06509
44.29396	-72.90115	01945
45.57500	-70.15194	03501
43.78673	-75.58353	04368
45.43685	-70.48512	00063
41.32739	-90.26165	04554
36.89162	-102.16223	01403
34.80460	-96.97787	04803
40.43561	-99.26038	00974
40.51650	-85.92107	05254
43.46129	-99.62756	00088
37.03405	-80.22379	07580
42.96976	-78.11816	05398
43.75104	-88.04417	05016
36.97925	-101.56262	01792
41.67739	-94.74736	00899
41.38802	-74.13082	04402
42.75819	-77.42606	03256
44.53328	-72.18488	05152
47.56284	-95.86949	05156
42.53468	-95.94640	00553
42.81096	-85.86797	06624
40.16278	-102.20583	04647
37.88257	-100.19643	00283
44.45581	-70.95094	02419
43.80470	-71.55910	04884
40.92227	-87.37259	04742
39.89074	-79.63617	06665
41.85994	-99.71235	01298
45.39214	-103.03507	00218
37.54547	-99.45265	00136
44.40289	-86.16185	07035
44.30827	-93.02950	02417
42.70237	-97.60130	00061
44.69155	-70.56071	04293
42.43534	-101.30663	00247
42.12159	-92.52573	03864
39.71455	-79.20844	04329
38.99773	-99.15353	00670
41.80598	-98.22852	00199
40.56917	-78.44742	04856
41.71179	-95.01594	00805
47.15786	-105.44751	00045
44.77842	-71.48685	02149
39.18478	-78.80480	04749
43.54993	-72.80164	02945
38.38596	-99.25055	00440
40.12585	-84.99803	05189
39.91508	-78.81425	07049
43.02832	-75.64791	06362
36.75167	-102.87408	01779
35.65743	-100.57001	00030
40.51142	-78.33493	06118
41.42944	-88.63657	04429
43.90176	-90.49942	05532
44.90283	-90.05730	06546
40.90667	-76.11485	07349
44.06818	-92.59001	03032
42.57538	-101.31087	00069
45.43333	-103.86357	00055
36.54495	-101.86385	02299
36.74015	-102.95535	01670
36.13565	-100.35410	00173
45.79882	-70.01369	04610
45.52777	-102.32520	00423
43.75815	-95.47684	01010
41.68881	-94.66524	01201
44.06477	-100.47557	00634
41.20044	-84.94089	06227
37.44856	-100.54773	00390
41.53595	-73.51632	07088
43.06639	-94.93884	00948
43.38551	-88.48061	05356
41.02882	-75.91399	07107
37.38595	-98.14590	02032
44.82333	-73.63817	05297
42.72317	-71.82523	06934
38.14277	-96.43710	00296
40.37698	-86.50946	04876
43.29779	-99.56480	00202
43.68805	-87.86206	05427
39.14820	-79.32508	02252
42.88544	-75.45750	06521
40.44897	-83.69052	05076
46.23403	-98.87353	00717
40.90002	-93.46337	03498
35.91940	-93.88691	04810
34.05911	-101.08358	00027
41.15485	-74.47823	07726
44.91817	-90.74228	06911
36.72568	-99.65398	02398
46.49496	-90.09812	06726
37.64672	-80.35815	06046
39.91653	-97.53420	00806
34.87177	-98.78316	00505
42.70485	-100.54395	00310
47.15812	-96.35939	04414
42.66211	-74.06959	05399
34.86482	-103.52062	00237
36.27526	-93.40019	04356
40.65606	-88.63654	04208
43.50106	-95.38520	00871
43.78117	-83.33474	04989
41.94857	-93.48894	04779
36.02132	-94.44303	05038
42.15194	-86.30067	05571
38.34831	-79.58758	04858
41.01661	-74.54041	07791
43.92587	-96.39180	00954
45.52908	-96.29670	03274
41.33420	-89.92032	04518
42.85038	-84.98486	06721
42.73027	-100.06660	00317
47.55262	-92.64633	06498
47.17159	-101.23038	00171
45.49385	-94.83690	04249
41.57669	-89.46835	04659
35.04197	-103.00334	00532
40.78880	-83.74902	05962
42.49556	-100.07679	00309
39.37871	-75.55572	07830
41.10627	-103.55836	00558
40.36683	-84.14816	06430
43.57220	-92.36800	01842
43.26736	-94.85369	00638
42.63061	-78.29581	05435
46.38180	-95.31610	06574
43.41388	-73.07526	05106
43.80696	-95.89130	00337
36.25033	-101.01536	00195
45.45264	-70.62525	00853
45.24699	-97.90611	00405
45.05646	-96.84291	00116
38.46978	-79.46592	03068
37.87081	-101.79770	00583
40.41017	-87.84408	04640
39.74025	-79.74483	06813
40.47714	-87.43656	04248
43.67337	-93.55121	02063
35.44979	-85.88306	06315
43.93008	-92.74770	01839
45.03253	-99.69730	00585
44.46082	-99.72028	00338
44.05921	-96.26685	00893
36.19622	-99.62038	00632
41.05142	-97.28889	00208
46.13828	-103.63561	00071
41.24648	-89.60761	03693
43.35954	-78.02148	05365
40.98557	-86.40908	05542
41.29973	-73.53352	07565
36.01740	-99.68880	01881
42.17400	-97.94826	00263
42.66759	-99.86277	00272
43.58403	-93.19653	02097
35.61080	-85.76313	07210
43.51627	-71.10949	05400
35.56818	-76.02159	07341
41.24889	-97.17622	00219
46.68964	-87.72616	06064
41.50063	-71.48584	07819
42.78613	-74.70168	03824
38.04813	-75.80386	07460
47.18398	-103.13723	00244
38.29734	-79.69619	04374
43.60399	-90.89856	06095
39.27934	-79.77682	06161
42.51365	-89.98709	05178
34.62421	-94.82394	00851
42.86520	-86.03865	06186
43.18707	-98.06025	00132
45.53939	-69.20515	01273
40.44784	-93.01049	03776
42.63298	-102.87846	00142
36.99493	-101.80690	00975
36.65627	-103.67309	00048
41.26795	-90.04742	04093
44.01199	-98.86181	02386
34.59524	-102.54001	00538
45.77539	-70.21095	01126
43.70772	-83.04905	05869
44.12654	-97.31567	00264
41.35011	-86.95660	05389
36.50399	-100.28414	00797
42.75233	-96.51901	00724
40.65126	-85.24198	05952
42.60861	-79.08252	05149
44.22174	-98.74111	00229
43.02466	-101.30925	00404
40.53391	-78.76800	06734
42.02234	-101.15730	00130
40.41571	-84.08475	06474
40.43355	-95.21721	02884
46.55594	-101.03341	00261
43.34427	-72.75465	02885
41.98491	-88.90627	04470
42.20708	-79.89165	06733
43.35594	-93.27280	03067
43.24938	-95.36631	01582
43.55304	-96.41307	01297
44.50904	-96.15897	00230
40.21808	-84.87662	05508
44.16865	-93.39786	02943
35.81260	-92.73409	05012
44.95404	-96.60688	00224
42.76814	-78.41570	05678
38.50460	-75.09231	07811
34.64642	-103.30768	01270
47.95228	-96.28477	05108
36.18465	-99.97431	00754
41.77922	-94.77995	00726
34.95199	-103.92097	00134
34.44357	-101.70506	00622
36.08193	-93.82800	05317
42.95795	-95.24629	01386
44.63043	-102.63029	00227
43.29513	-82.66357	06605
43.38821	-76.60406	05469
35.55140	-101.03551	00115
40.67646	-86.36964	05395
36.49853	-99.79713	00564
41.15722	-83.47880	06139
43.64168	-92.57458	00718
44.85029	-72.53044	03257
41.42592	-72.73396	07636
43.08203	-84.28573	06662
46.34300	-93.57337	06285
44.38673	-97.10879	00427
40.01189	-91.33810	06630
41.46210	-71.76886	07848
37.62192	-99.84275	00279
42.67797	-90.25496	05179
36.20337	-93.29991	03537
45.04155	-96.70609	00313
36.92115	-100.39664	02033
45.11980	-71.08838	02745
40.59973	-83.72054	05867
35.87960	-92.53055	05220
42.03279	-95.06841	00373
40.36196	-86.29793	04545
41.54440	-73.72365	05301
39.09103	-100.19374	01393
42.56723	-77.32449	05103
34.86106	-76.57737	06561
43.35556	-89.32497	05809
38.87779	-76.19049	07187
37.67878	-100.12394	00105
41.83305	-95.08430	00769
40.14204	-78.45013	06607
36.12587	-93.36002	04697
36.16921	-99.35737	01597
41.55025	-99.87386	01143
43.33205	-99.20637	00226
40.73946	-87.29332	03579
38.67878	-98.59783	00299
40.83721	-89.25894	04431
36.21712	-84.24310	04291
34.78385	-101.55106	00470
40.79992	-87.36820	04478
41.32925	-87.62690	04703
43.95653	-95.84571	00392
43.06917	-95.10964	01203
41.09223	-103.09452	01429
40.18702	-94.64222	03582
40.09016	-86.64829	04852
41.95803	-77.93063	07278
43.50812	-94.84940	01205
35.17081	-99.01070	01761
46.04325	-69.96873	04946
44.23942	-95.33126	01870
42.92259	-74.86969	05081
41.88239	-89.26393	04636
41.79186	-73.34135	07668
37.62737	-100.72917	00419
42.02259	-73.46301	06028
36.70150	-100.58598	00764
45.68824	-103.58857	00430
45.22329	-96.93303	00051
37.57251	-100.29456	00343
42.50809	-77.91457	04990
42.52765	-95.23269	01437
40.24430	-85.29268	07856
45.63452	-69.29135	02944
43.55756	-93.79044	02774
43.10320	-95.28516	01250
34.93306	-101.83446	00298
45.37271	-96.42738	04526
37.87389	-99.81075	00441
44.22742	-93.15031	02418
40.31041	-94.63731	04296
40.95224	-96.06096	03170
41.24597	-97.33696	00147
40.61700	-84.18282	06435
42.55436	-74.19443	04025
47.83468	-100.76799	00303
44.05020	-88.22005	04430
35.43651	-101.36973	00053
37.54628	-99.99083	00239
44.95987	-85.76509	05579
34.85728	-103.61320	00012
44.49339	-97.45123	00271
44.22551	-96.23589	00109
44.34765	-99.53757	00149
37.16047	-80.17902	04522
44.92691	-94.98367	03742
42.41031	-73.15393	06044
34.51074	-103.25455	02792
36.70432	-101.87070	01996
43.19781	-82.96370	06433
44.93042	-71.80631	03421
42.19522	-95.03493	00586
41.95689	-84.44183	06661
43.70828	-95.12109	00580
40.37812	-85.80850	05290
45.46255	-69.72839	02799
43.06742	-95.55466	00579
43.37300	-82.86977	06073
40.16906	-77.78857	05789
42.81777	-78.20366	03906
39.42624	-97.57772	00240
43.83338	-83.20500	05019
36.58018	-98.20412	02140
42.36014	-95.33662	01283
35.70861	-82.85020	04713
41.50172	-89.60090	04285
38.35665	-94.30177	04868
42.48945	-71.89629	05829
39.12862	-74.86051	07826
43.36227	-84.49199	06637
40.00039	-86.57104	04546
41.75329	-71.70672	07827
44.40294	-70.55964	04404
42.79483	-104.00823	00156
46.69700	-87.87321	06592
36.83474	-102.01158	01675
45.98227	-104.32791	00065
34.65353	-96.78272	04804
41.87080	-95.41212	01135
42.55223	-95.31924	00783
36.61260	-102.95631	01882
40.57896	-87.43396	04136
39.50836	-78.17267	05711
44.22198	-95.96693	00293
42.64962	-101.95992	00083
43.90780	-93.58751	01868
34.98737	-97.91197	05237
43.06858	-84.02640	06681
40.07328	-79.26138	06567
38.05334	-102.76097	05623
35.51671	-98.05428	02342
47.05330	-102.73250	00329
35.77607	-100.94349	00361
42.80944	-74.78797	04883
37.90490	-100.37347	00363
45.08325	-71.16737	04644
39.38928	-85.44521	06945
40.27451	-86.40069	04475
44.82454	-71.34403	01350
42.60723	-74.01476	04216
34.98420	-104.03971	00001
41.57300	-85.54388	04657
43.81741	-95.78057	00319
40.80335	-103.51732	05713
40.88754	-89.13254	04668
42.84269	-78.32896	04988
43.25128	-94.79911	01596
35.57376	-98.79869	01271
36.50616	-100.92200	00620
46.46830	-87.61063	06341
42.41419	-74.95483	05150
39.62344	-77.50959	06931
37.32309	-95.36351	04620
37.15090	-80.08382	05659
43.31385	-101.27724	00243
43.10670	-95.84448	01204
40.78102	-78.28669	06892
43.64248	-86.35085	06340
35.18734	-100.82249	00495
40.54336	-86.39931	04854
39.53430	-79.51897	05966
40.87202	-86.38568	05431
42.83184	-74.12824	05511
40.57637	-103.95248	06168
44.11929	-92.85609	02008
48.16903	-101.23149	02641
45.55218	-104.25478	00019
41.59420	-85.69826	05355
41.78816	-90.13632	04637
39.41066	-79.25766	05405
47.05743	-104.24586	00393
44.02604	-82.95650	03939
42.52628	-101.85682	00074
40.94393	-78.77750	07183
44.62473	-97.70111	00231
45.65536	-95.69550	04149
36.77184	-103.59163	00437
45.99182	-103.70504	00330
44.69498	-87.61282	04969
39.41389	-75.43745	07814
42.60960	-94.75323	02072
42.74594	-95.31315	00852
36.98259	-93.87574	04865
39.59929	-96.78590	01112
42.56298	-99.78204	00431
43.77002	-71.89901	06610
40.53215	-97.14531	01028
36.45710	-84.01145	06976
41.95617	-86.47575	05680
45.96560	-98.96406	00273
36.70262	-100.16888	01993
40.20081	-95.17564	03464
44.32611	-95.80998	00301
43.20622	-83.08974	06353
41.82625	-101.84712	00266
44.99843	-103.20966	00396
43.30171	-99.37158	00183
45.56139	-70.65891	05058
44.20295	-72.35274	04483
43.25019	-78.18909	05629
45.30729	-70.70984	04294
35.43056	-99.11781	02034
39.73606	-78.90006	03549
45.56588	-95.37122	04299
40.33742	-91.33285	07070
35.01112	-103.46213	01783
46.75154	-88.12048	05388
43.33793	-89.42156	05899
44.84694	-94.93469	03625
41.19506	-75.84016	07350
44.31384	-98.10806	02687
45.08928	-70.12524	02847
43.57129	-92.18151	01895
35.35015	-90.35189	07566
46.19994	-69.74078	03070
44.08319	-97.88945	02388
36.48706	-99.92097	00496
43.29674	-100.10538	00035
37.02874	-94.32123	04806
41.50523	-76.07149	05550
38.13316	-84.58225	07800
35.46680	-98.52818	01712
44.61766	-71.02132	05107
45.85598	-94.23182	06613
46.11317	-68.46675	04677
42.52505	-88.69098	05451
45.58204	-69.40916	00072
37.22279	-81.46052	06703
34.95509	-103.28804	00007
36.57188	-97.74251	02412
43.33861	-94.53728	02166
42.71173	-95.19849	01244
40.37653	-85.57788	05505
43.21303	-73.14275	02463
41.77775	-101.11353	00076
43.66796	-88.05900	05325
36.01587	-94.22475	05241
43.80639	-93.45160	01643
44.16075	-93.15041	02303
44.92921	-74.02594	05433
38.90747	-98.30371	00669
42.34970	-95.76339	00979
44.28389	-89.37895	06551
44.05563	-86.40139	06102
36.09130	-100.10216	00238
43.56923	-93.68593	01499
44.84403	-96.50758	00155
44.32710	-96.36800	00060
42.69209	-96.14401	00675
43.42796	-94.92500	00424
42.40083	-96.63438	02473
42.62173	-95.83860	00691
40.17091	-94.93032	04106
42.01406	-98.24941	00107
41.11510	-88.55427	04477
41.50512	-86.31068	06092
34.52626	-96.84480	03964
44.27114	-95.21541	02163
41.19972	-89.87360	04667
44.70063	-94.41707	04059
36.30100	-94.47687	05374
44.75379	-74.33723	06568
39.59841	-101.17380	01400
41.74244	-95.54167	01293
47.49368	-101.08938	01409
41.50926	-76.19099	05751
40.78000	-88.33022	04214
40.24917	-86.64371	04469
35.28342	-101.75613	00569
41.78767	-103.82124	00113
43.37074	-95.57500	00879
35.20553	-102.52039	00627
35.93964	-84.80933	06634
45.02834	-102.53200	00135
40.55225	-87.55763	04365
44.27617	-95.57687	00611
40.21414	-79.37942	06949
41.95612	-101.28220	00054
44.45641	-99.17266	00040
42.40434	-79.22904	04711
42.52143	-100.78349	00223
37.54040	-99.58828	00213
37.64800	-101.00752	00763
35.92835	-93.77424	05094
41.18427	-74.38678	07816
43.55814	-98.61700	02331
42.53846	-95.58298	00778
40.49257	-88.53575	03945
34.85702	-95.34323	05176
41.91489	-71.60806	07838
46.02131	-95.96615	04189
42.66922	-97.42626	00312
40.07683	-86.38704	04744
36.65081	-103.37671	00529
35.37619	-99.26737	01774
39.20058	-77.79758	04437
42.79372	-95.66928	00934
43.54851	-95.91227	01079
46.89158	-103.83643	00163
40.12461	-83.62579	04882
41.78535	-100.89562	00044
46.38290	-96.99494	03051
41.84332	-88.93156	04177
34.43583	-101.56750	00577
39.92754	-86.70014	05017
34.87310	-103.97622	00004
42.22965	-73.15954	06165
38.83881	-96.23994	00443
40.48267	-88.75626	03978
41.25179	-97.48835	00145
44.23149	-72.99540	05263
44.19962	-93.05050	01410
35.89761	-99.40189	02079
42.96871	-100.57882	01267
45.39850	-103.51002	00304
33.95828	-103.80562	01664
36.50328	-99.70435	01257
40.27267	-86.29658	04436
42.49733	-86.23854	04638
36.44224	-97.55667	02291
38.72651	-87.41867	07575
45.95507	-70.09208	04611
46.99603	-103.85255	00370
41.18581	-103.54571	00695
40.22508	-87.09370	04943
42.65802	-98.65850	00143
42.96952	-75.75002	04608
44.78677	-85.70977	06416
45.43818	-103.14471	00025
38.90319	-75.33390	07809
46.00340	-69.89163	04184
42.48742	-77.54662	05222
36.58513	-101.24793	02351
45.85345	-95.92840	03992
38.66470	-98.40477	00212
40.04250	-94.49341	03863
43.83165	-69.66907	06861
38.07880	-78.78602	05753
43.08116	-78.13417	05548
41.00395	-85.59901	06109
43.52005	-71.34988	04676
43.05782	-89.55964	05990
43.00141	-72.10691	05300
43.77787	-88.68056	05426
38.78820	-75.20702	07806
42.51427	-95.13698	00999
40.58638	-88.12054	04476
42.99880	-84.45438	06697
43.98178	-87.81875	05134
42.54321	-98.83617	00581
44.24467	-92.87944	01840
36.19126	-99.81639	00631
40.80520	-87.24062	04102
42.72457	-96.39441	00481
39.28293	-79.30161	05340
39.83799	-79.14961	05512
46.83592	-102.05988	00328
42.12300	-73.46317	04027
41.99540	-80.42062	07178
36.33945	-99.49441	01272
40.77670	-86.65580	07855
41.89262	-73.21762	06869
43.93413	-93.39297	02157
39.38358	-79.08138	04750
36.59120	-98.29004	02239
36.57010	-100.94019	02247
40.89811	-87.52759	04734
43.91479	-83.17165	04812
36.71647	-100.35942	01021
39.51653	-96.36034	00630
39.25626	-99.36541	01109
40.52724	-94.14126	04187
42.93446	-101.06921	00127
40.26294	-88.49282	04606
46.73381	-101.70770	00258
42.35834	-74.21485	02848
44.29143	-97.39384	00435
43.14339	-95.42392	01106
44.14632	-99.24900	02431
44.07365	-100.12069	00640
43.36518	-83.05410	06000
45.21741	-100.10531	00420
45.46999	-70.13160	00042
45.22039	-71.10276	03033
38.38022	-99.40435	00444
36.76725	-103.73685	00216
43.14957	-92.04406	04179
39.25142	-75.50955	07828
35.23426	-102.02290	00081
36.60285	-83.85574	06273
42.58726	-77.82688	05366
43.13146	-85.79694	06101
36.19663	-100.86420	00194
40.16316	-78.77089	07017
43.41024	-88.30589	05326
41.12491	-103.95768	00289
40.44887	-93.47247	03904
40.11351	-90.99169	06385
46.60251	-100.76565	00101
42.90266	-100.90954	00242
38.74287	-75.11037	07792
36.52195	-98.05182	01930
42.00971	-73.18840	06811
43.63752	-94.54347	02209
40.52354	-88.44894	04023
43.05538	-78.29845	05177
39.35624	-79.35506	04401
38.06230	-99.61162	00389
44.62951	-102.50159	00378
39.66203	-101.07675	01341
37.66307	-96.61501	01321
43.12229	-93.98617	02321
37.37337	-99.90126	00417
34.43359	-97.29272	02027
45.57484	-103.07362	00182
45.71937	-95.40025	04330
42.44965	-74.60535	04026
44.65707	-96.23648	00790
45.57843	-102.74039	00257
40.41532	-88.22292	04290
42.83341	-85.22916	07289
44.42427	-97.61037	00411
41.17336	-83.30965	05784
46.63784	-101.15323	00375
38.85839	-79.93600	05261
43.81344	-96.28912	00474
39.98847	-84.63811	06543
43.51076	-99.47652	00108
43.51438	-93.85085	02486
40.05886	-79.49077	07402
39.81782	-74.26074	07852
41.92882	-98.54958	00250
42.30310	-74.75547	05266
35.90702	-94.12616	04091
42.49581	-88.53584	05385
43.37047	-93.56618	02673
39.28082	-101.70092	01120
44.61023	-97.52718	00335
44.26610	-95.66763	00232
36.56776	-100.54219	00446
47.89130	-100.89564	00358
46.72251	-102.69712	00429
39.99988	-94.87727	04217
39.51231	-79.36829	06526
43.55434	-92.06419	02845
35.20983	-101.51930	00621
38.31004	-94.19680	04836
36.88163	-99.84766	02397
36.23542	-84.47001	06423
45.49285	-104.32595	00005
39.85916	-83.53285	06695
44.97368	-72.52982	01411
43.68117	-83.53404	05547
41.89765	-77.67902	06930
43.76605	-88.85286	04844
47.54319	-102.95831	00207
40.55830	-86.21455	05057
44.25282	-92.75323	02248
41.59101	-94.97336	01423
44.35299	-92.83058	03163
36.41673	-101.24026	00503
48.11196	-100.88374	03465
42.59951	-73.07019	05299
40.70879	-83.01559	06947
47.92426	-101.00896	00161
38.15716	-84.39398	07544
35.08887	-102.61168	00418
35.31271	-99.06905	01772
44.17902	-94.98866	03279
38.65918	-98.71673	00394
44.91852	-96.85001	00123
40.10693	-78.73173	02797
42.70115	-98.82099	00164
48.73916	-102.48839	00201
44.52908	-96.35316	00185
46.27852	-99.72151	00668
42.52682	-72.95586	06241
36.39905	-100.92335	00255
41.79430	-101.64250	00225
44.17213	-97.44356	00220
45.41988	-103.68832	00020
39.56759	-94.30889	04239
43.73308	-82.94201	05258
43.72705	-94.94621	00524
36.51354	-102.33006	02355
41.22521	-89.20184	04670
47.47577	-93.00233	07082
36.49636	-81.17312	06481
41.87771	-77.88612	07215
35.08590	-86.12679	06271
36.90171	-100.23058	01476
46.94827	-99.10281	01408
38.47421	-79.66525	05969
40.57628	-86.04198	05292
35.93392	-93.19043	05075
36.55835	-99.71226	02005
41.13339	-82.55822	06391
42.32826	-79.47010	05260
44.75249	-96.60810	00192
44.59341	-96.63390	00036
35.47627	-99.19843	02344
41.09428	-90.25815	04603
42.54690	-100.90918	00269
36.65035	-101.65786	01720
46.42630	-68.93266	03825
41.19331	-97.62042	00315
48.81916	-98.20495	01059
46.01483	-96.18938	04044
37.45242	-96.88745	02934
38.62764	-87.47015	06878
42.23326	-74.71265	04142
34.85518	-104.05164	00625
42.31925	-98.60197	00318
36.60339	-102.09331	01721
39.97975	-86.77280	04985
43.53030	-99.10800	00270
36.41629	-100.67086	00215
40.47922	-88.00201	04468
43.37351	-96.39741	00955
45.26804	-92.19376	05496
35.85876	-99.87728	02129
42.65786	-100.78677	00245
37.64824	-100.40179	00150
42.86167	-95.87161	00649
43.63448	-93.49004	02307
42.56804	-90.16903	05042
43.44145	-94.00092	02591
36.88986	-80.24148	05970
42.60354	-70.75378	07277
37.07436	-101.60745	07853
42.60936	-74.60439	04403
37.24612	-98.00029	03193
39.42146	-88.35448	06068
37.91069	-75.67614	05223
45.32775	-93.48572	07148
39.33594	-89.33336	05779
34.87070	-98.62725	00014
38.27431	-96.66174	00762
40.64054	-88.22569	04181
43.01492	-95.80708	00748
46.78027	-89.52715	06752
36.84887	-102.34332	01826
42.37001	-98.02586	00146
41.68296	-89.16904	03902
43.16665	-96.72639	00260
43.73940	-95.71277	00186
39.08442	-76.21633	06812
35.50631	-99.41885	01438
36.92543	-82.91305	04562
45.33335	-104.41732	00002
41.65529	-85.50835	05136
42.11704	-75.09981	05551
42.42855	-98.35970	00181
41.83484	-101.26820	00160
42.90184	-72.79827	04916
42.65041	-70.64347	05549
41.65509	-98.57417	00174
41.85857	-75.43480	07300
37.08094	-96.74899	02404
39.73353	-87.81503	05695
40.55453	-88.78883	04366
41.39020	-85.92464	05730
43.35221	-72.00758	05662
42.70101	-95.93484	01047
43.75007	-88.30433	04360
43.08939	-93.70612	02322
43.86077	-82.77320	04547
44.42895	-96.46159	00058
40.77540	-82.63721	05748
35.48601	-101.25375	00034
41.47399	-99.74703	01658
44.79948	-70.77192	00196
47.56099	-100.59242	01268
35.88790	-94.23933	04281
41.92191	-97.76038	00022
46.88309	-102.21889	00157
40.55353	-84.62148	06658
38.12335	-96.36871	00295
46.25420	-103.37208	00302
44.12896	-87.87229	04663
45.20015	-103.94975	00286
47.06887	-68.78445	06496
41.32298	-87.26971	05322
47.44551	-102.93110	00003
44.78303	-70.53503	02746
42.02279	-80.26604	07078
44.36261	-87.93023	04596
43.88006	-97.15948	00114
46.80341	-87.80064	06383
40.01656	-89.89611	05460
42.91650	-95.57537	01367
41.46959	-99.83095	00786
41.37971	-82.81429	05961
41.25551	-82.77477	05470
40.52121	-78.52798	06112
47.98074	-101.25167	00326
36.50032	-100.68321	00365
43.68955	-72.66107	04373
35.01077	-103.30197	00280
42.84237	-99.47846	00177
46.20420	-102.94290	00285
42.59117	-97.49242	00050
47.48449	-102.52307	00426
40.66489	-97.96421	01149
40.25663	-86.98483	04555
42.61448	-78.75906	05910
39.87066	-94.43137	03786
40.52393	-87.15732	05098
42.67308	-87.92038	05387
39.96675	-95.88021	01278
41.49810	-86.14087	05862
39.90480	-86.56772	05056
46.18682	-68.48105	05195
39.87515	-87.58884	05770
42.26569	-79.63022	05194
41.92551	-101.43456	00110
42.63107	-98.42776	00070
39.56950	-83.72565	06849
43.20529	-92.57981	02995
41.53593	-86.95342	05764
43.46450	-95.16924	01296
40.61955	-82.71181	05296
43.72303	-93.26706	02510
35.87883	-94.35131	03975
44.34406	-99.61266	00320
43.23011	-95.58809	00415
40.85691	-90.59329	05463
42.57253	-93.64284	02443
46.55480	-67.83305	06167
39.74889	-85.43412	05996
41.09117	-102.91106	01752
44.43299	-99.39770	00141
42.28230	-102.14443	00039
43.72046	-97.77138	01867
44.18034	-85.28894	06552
42.43482	-95.07482	01533
44.81734	-93.99471	05023
48.84354	-106.31829	00170
40.84559	-76.16357	06516
41.13552	-84.78215	05857
40.78295	-88.23928	04367
44.97482	-103.62015	00206
39.30338	-75.21371	07829
42.34063	-74.60355	02305
42.77214	-77.37345	04752
38.73977	-96.80977	01332
41.52551	-71.00121	05593
39.03355	-75.38542	07232
42.42586	-72.96736	06279
41.61521	-76.49411	07146
45.00238	-70.31773	00006
44.77482	-92.25032	05424
38.72554	-99.65723	00439
43.06878	-96.04161	00951
34.93369	-98.26782	02399
43.86377	-93.22363	02511
35.28838	-102.31471	00117
41.13551	-103.39418	00791
43.07956	-96.32827	01095
41.24720	-89.69314	04474
41.97432	-71.76257	07842
40.25627	-79.08472	05151
48.70290	-98.42685	02682
41.85498	-97.61899	00086
44.39919	-99.05042	00275
44.01861	-93.07187	02098
41.68567	-81.05739	06429
47.66899	-97.87455	01269
36.40665	-101.31471	00540
44.88434	-85.91473	06034
43.22333	-72.14748	04791
41.14030	-89.60917	04519
42.81690	-100.28698	00180
33.87061	-102.79196	03247
42.70426	-73.04475	03069
35.84441	-102.08806	00711
39.79090	-95.60512	02813
39.20787	-78.66110	05020
46.86269	-87.95877	06033
40.51680	-77.79308	06325
34.96035	-102.72340	00366
44.12996	-95.43747	00291
40.36243	-79.22205	05401
43.50460	-95.58257	00789
41.73601	-88.96774	04635
37.66484	-100.27248	00062
37.39595	-102.51469	01322
41.04839	-87.09224	05744
36.73769	-99.73918	01029
38.97094	-78.01078	04748
41.57130	-94.68404	00667
44.13689	-94.26006	04490
39.61238	-96.88589	00961
40.98806	-87.15088	05538
42.97918	-75.13435	05439
44.65991	-96.37450	00169
43.67543	-92.67477	01031
36.98536	-99.17268	01209
43.98771	-72.79544	02997
34.10575	-98.05498	04345
35.28481	-97.91202	02400
43.63343	-92.49044	01032
44.47876	-89.38655	07054
42.27553	-95.34830	00398
44.37645	-95.39836	02914
34.87106	-102.02295	00137
43.42807	-100.52039	00308
41.20815	-88.69215	04241
45.62619	-103.77795	00397
38.06402	-99.49052	00445
41.91599	-97.66956	00047
44.07500	-87.78102	05249
46.91719	-102.28642	00782
36.05510	-98.71295	02407
37.78081	-98.62838	01449
39.60057	-89.80273	05466
45.50148	-102.12912	00406
45.05693	-99.95248	00428
35.68234	-100.89766	00056
41.91160	-70.58656	06049
41.04909	-88.61602	04140
44.93581	-70.52723	00584
41.09601	-103.28828	00692
35.64890	-100.14642	00416
40.35521	-83.71333	05221
37.96129	-100.60107	00504
41.41528	-94.73701	01571
44.98292	-70.92888	04751
36.82562	-80.38615	05790
41.29733	-82.88677	05383
43.60433	-94.26186	02775
43.53980	-72.01185	05592
41.83023	-83.74041	06513
35.37755	-100.95570	00093
44.75968	-94.00558	04760
42.00952	-95.18017	00552
43.46420	-92.52267	01729
44.08389	-95.14353	00037
42.43550	-99.67018	00176
42.68402	-73.29634	01562
39.48503	-75.28233	07817
38.77840	-95.48713	03150
43.79520	-97.13357	00159
42.67215	-89.59550	05182
37.54128	-99.90195	00189
41.16685	-97.23587	00316
42.05280	-101.69344	00096
40.88250	-101.34504	01417
43.57461	-96.28423	01655
43.93548	-93.31697	02302
44.34255	-96.16557	00354
44.27700	-96.21774	00233
44.41768	-101.27666	00544
41.91840	-97.91640	00017
39.54112	-83.51384	07176
44.97366	-71.31001	04481
42.91661	-71.81108	06006
43.66921	-92.37505	01793
40.74781	-88.61719	04604
45.11901	-92.22643	04934
41.78042	-89.31299	04398
38.02798	-100.36212	00362
43.52861	-94.26571	02539
34.60050	-95.10564	02459
44.79406	-97.77686	00400
46.62849	-102.37429	00290
34.98288	-104.23114	00387
44.89936	-94.87041	03709
45.08186	-70.39568	04793
47.05561	-101.68892	00332
39.91310	-78.88914	02148
40.88774	-72.57455	06524
39.94960	-79.02229	05440
41.83077	-84.71664	06455
43.83543	-92.40265	01841
40.72980	-78.28276	06322
44.05374	-96.05425	00097
35.22163	-85.96309	06693
41.75050	-75.45894	06119
42.05363	-101.96529	00103
46.48341	-103.02238	00031
43.56553	-94.42500	02536
39.23808	-101.07931	01330
42.06361	-80.00477	07504
46.63442	-97.82540	02949
35.32627	-102.51208	00571
41.39933	-85.29382	05498
37.59944	-96.53831	00751
41.15656	-89.01052	04556
43.63951	-88.49507	04515
40.45643	-86.53804	05293
